            Wave1	Wave2	Wave3	Wave4	Wave5	Wave6
Fe3_4659A	4564	4642	4651	4665	4759	4841
He2_4686A	4564	4642	4677	4692	4759	4841
Ar4_4711A 	4564	4642	4704	4718	4759	4841
Ar4_4740A 	4564	4642	4729	4746	4759	4841
H1_4861A	4758	4830	4845	4876	5065	5133
O3_4959A	4758	4830	4941	4972	5065	5133
O3_5007A	4758	4830	4991	5027	5065	5133
N2_5755A	5730	5747	5749	5762	5766	5795
He1_5876A	5828	5863	5869	5883	5894	5928
N2_6548A	6391	6449	6543	6552	6832	6961
H1_6563A	6391	6449	6554	6572	6832	6961
N2_6584A	6391	6449	6578	6589	6832	6961
S3_6312A	6258	6290	6306	6317	6319	6334
He1_6678A	6621	6655	6671	6686	6690	6703
S2_6716A	6691	6708	6710	6723	6748	6773
S2_6731A	6691	6708	6725	6738	6748	6773
He1_7065A	7017	7051	7056	7071	7081	7122
Ar3_7136A	7088	7117	7127	7142	7186	7218
O2_7319A	7290	7312	7314	7325	7339	7370
O2_7330A	7290	7312	7325	7336	7339	7370
Ar3_7751A	7721	7743	7746	7756	7759	7781
He1_8446A	8419	8433	8442	8451	8475	8496
H1_8598A	8558	8577	8592	8604	8622	8637
H1_9015A	8989	9008	9009	9018	9020	9025
S3_9069A	9027	9057	9060	9076	9093	9145
